composite__Consumption_Fitness_CompletenessFitness_SecurityFitness_OverloadFitness_SLAPerformanceFitness <- c(40.0,40.0,35.71739130434783,35.71739130434783,33.55797101449275,31.224637681159425,30.94202898550725,28.775362318840575,28.39855072463768,28.11594202898551,27.39855072463768,24.57246376811594,24.39855072463768,22.5,22.5,21.717391304347824,20.93478260869565,19.26811594202898,19.26811594202898,19.26811594202898,19.26811594202898,18.26811594202898,18.26811594202898,17.985507246376812,17.985507246376812,17.268115942028984,17.152173913043477,17.152173913043477,16.818840579710145,16.253623188405797,16.253623188405797,16.253623188405797,15.753623188405797,15.702898550724637,15.420289855072463,15.08695652173913,15.08695652173913,15.08695652173913,14.804347826086957,14.58695652173913,14.58695652173913,14.304347826086957,14.304347826086957,14.18840579710145,14.18840579710145,14.18840579710145,14.18840579710145,13.855072463768115,13.855072463768115,13.521739130434781,13.521739130434781,13.521739130434781,13.021739130434781,13.021739130434781,13.021739130434781,12.971014492753625,12.971014492753625,12.637681159420287,12.637681159420287,12.637681159420287,12.521739130434783,12.521739130434783,12.521739130434783,12.521739130434783,12.521739130434783,12.521739130434783,12.521739130434783,12.521739130434783,12.304347826086957,12.304347826086957,12.304347826086957,12.304347826086957,12.304347826086957,11.971014492753625,11.971014492753625,11.971014492753625,11.971014492753621,11.637681159420287,11.637681159420287,11.637681159420287,11.521739130434783,11.521739130434783,11.521739130434783,11.304347826086957,11.188405797101451,11.188405797101451,11.188405797101451,11.188405797101451,11.188405797101451,11.188405797101451,11.188405797101451,10.855072463768114,10.521739130434783,10.188405797101451,10.188405797101451,10.188405797101451,10.188405797101451,10.188405797101451,10.188405797101451,10.188405797101451,10.188405797101451,10.188405797101451,10.18840579710145,10.18840579710145,10.18840579710145,10.18840579710145,9.971014492753621,9.971014492753621,9.971014492753621,9.971014492753621,9.73913043478261,9.73913043478261,9.73913043478261,9.521739130434783,9.521739130434783,9.188405797101451,9.188405797101451,9.072463768115941,8.855072463768114,8.855072463768114,8.855072463768114,8.521739130434783,8.521739130434783,8.521739130434783,8.521739130434783,8.521739130434783,8.405797101449275,8.405797101449275,8.405797101449275,8.405797101449275,8.405797101449275,8.405797101449275,8.405797101449275,8.405797101449275,8.405797101449275,8.405797101449275,8.405797101449275,8.405797101449275,8.405797101449275,8.405797101449275,8.405797101449275,8.405797101449275,8.405797101449275,8.405797101449275,8.072463768115943,8.072463768115943,8.072463768115943,8.072463768115943,8.072463768115943,8.072463768115943,8.072463768115943,8.072463768115943,8.072463768115943,8.072463768115943,8.072463768115943,8.072463768115943,8.072463768115943,8.072463768115943,7.739130434782609,7.739130434782609,7.739130434782609,7.739130434782609,7.739130434782609,7.739130434782609,7.739130434782609,7.739130434782609,7.739130434782609,7.739130434782609,7.739130434782609,7.739130434782609,7.739130434782609,7.739130434782609,7.739130434782609,7.739130434782609,7.739130434782609,7.739130434782609,7.739130434782609,7.739130434782609,7.739130434782609,7.739130434782609,7.739130434782609,7.739130434782609,7.405797101449278,7.405797101449278,7.405797101449278,7.405797101449278,7.405797101449278,7.405797101449278,7.405797101449278,7.405797101449278,7.405797101449278,7.405797101449278,7.405797101449278,7.405797101449278,7.405797101449278,7.405797101449278,7.405797101449278,7.072463768115943,7.072463768115943,7.072463768115943,7.072463768115943,7.072463768115943,7.072463768115943,7.072463768115943,7.072463768115943,7.072463768115943,7.072463768115943,7.072463768115943,7.072463768115943,7.072463768115943,7.072463768115943,7.072463768115943,7.072463768115943,7.072463768115943,7.072463768115943,7.072463768115943,7.072463768115943,7.072463768115943,7.072463768115943,7.072463768115943,7.072463768115943,7.072463768115943,7.072463768115943,7.072463768115943,7.072463768115943,7.072463768115943,7.072463768115943,7.072463768115943,7.072463768115943,7.072463768115943,7.072463768115943,7.072463768115943,7.072463768115943,7.072463768115943,7.072463768115943,7.072463768115943,7.072463768115943,7.072463768115943,7.072463768115943,7.072463768115943,7.072463768115943,6.739130434782609,6.739130434782609,6.739130434782609,6.739130434782609,6.739130434782609,6.739130434782609,6.739130434782609,6.739130434782609,6.739130434782609,6.739130434782609,6.739130434782609,6.739130434782609,6.739130434782609,6.739130434782609,6.739130434782609,6.739130434782609,6.739130434782609,6.739130434782609,6.739130434782609,6.739130434782609,6.739130434782609,6.739130434782609,6.739130434782609,6.739130434782609,6.739130434782609,6.739130434782609,6.739130434782609,6.739130434782609,6.739130434782609,6.739130434782609,6.739130434782609,6.739130434782609,6.739130434782609,6.739130434782609,6.739130434782609,6.739130434782609,6.739130434782609,6.739130434782609,6.739130434782609,6.739130434782609,6.739130434782609,6.739130434782609,6.739130434782609,6.739130434782609,6.739130434782609,6.739130434782609,6.739130434782609,6.739130434782609,6.739130434782609,6.739130434782609,6.739130434782609,6.739130434782609,6.739130434782609,6.739130434782609,6.739130434782609,6.739130434782609,6.739130434782609,6.739130434782609,6.739130434782609,6.739130434782609,6.739130434782609,6.739130434782609,6.739130434782609,6.739130434782609,6.739130434782609,6.739130434782609,6.739130434782609,6.739130434782609,6.739130434782609,6.739130434782609,6.739130434782609,6.739130434782609,6.739130434782609,6.739130434782609,6.739130434782609,6.739130434782609,6.739130434782609,6.739130434782609,6.739130434782609,6.739130434782609,6.739130434782609,6.739130434782609,6.739130434782609,6.739130434782609,6.739130434782609,6.739130434782609,6.739130434782609,6.739130434782609,6.739130434782609,6.739130434782609,6.739130434782609,6.739130434782609,6.739130434782609,6.739130434782609,6.739130434782609,6.739130434782609,6.739130434782609,6.739130434782609,6.739130434782609,6.739130434782609,6.739130434782609,6.739130434782609,6.739130434782609,6.739130434782609,6.739130434782609,6.739130434782609,6.739130434782609,6.739130434782609,6.739130434782609,6.739130434782609,6.739130434782609,6.739130434782609,6.739130434782609,6.739130434782609,6.739130434782609,6.739130434782609,6.739130434782609,6.739130434782609,6.739130434782609,6.739130434782609,6.739130434782609,6.739130434782609,6.739130434782609,6.739130434782609,6.739130434782609,6.739130434782609,6.739130434782609,6.739130434782609,6.739130434782609,6.739130434782609,6.739130434782609,6.739130434782609,6.739130434782609,6.739130434782609,6.739130434782609,6.739130434782609,6.739130434782609,6.739130434782609,6.739130434782609,6.739130434782609,6.739130434782609,6.739130434782609,6.739130434782609,6.739130434782609,6.739130434782609,6.739130434782609,6.739130434782609,6.739130434782609,6.739130434782609,6.739130434782609,6.739130434782609,6.739130434782609,6.739130434782609,6.739130434782609,6.739130434782609,6.739130434782609,6.739130434782609,6.739130434782609,6.739130434782609,6.739130434782609,6.739130434782609,6.739130434782609,6.739130434782609,6.739130434782609,6.739130434782609,6.739130434782609,6.739130434782609,6.739130434782609,6.739130434782609,6.739130434782609,6.739130434782609,6.739130434782609,6.739130434782609,6.739130434782609,6.739130434782609,6.739130434782609,6.739130434782609,6.739130434782609,6.739130434782609,6.739130434782609,6.739130434782609,6.739130434782609,6.739130434782609,6.739130434782609,6.739130434782609,6.739130434782609,6.739130434782609,6.739130434782609,6.739130434782609,6.739130434782609,6.739130434782609,6.739130434782609,6.739130434782609,6.739130434782609,6.739130434782609,6.739130434782609,