random_4_mean20 <- c(32.5,32.5,30.455010224948875,23.55828220858896,23.55828220858896,23.55828220858896,23.55828220858896,23.55828220858896,23.55828220858896,23.55828220858896,23.55828220858896,23.55828220858896,23.55828220858896,23.55828220858896,23.55828220858896,23.55828220858896,23.55828220858896,23.55828220858896,22.955010224948875,22.955010224948875,22.955010224948875,22.955010224948875,22.955010224948875,22.955010224948875,22.955010224948875,22.955010224948875,22.955010224948875,22.955010224948875,22.955010224948875,22.955010224948875,22.955010224948875,22.955010224948875,22.955010224948875,22.955010224948875,22.955010224948875,22.955010224948875,22.955010224948875,22.955010224948875,22.955010224948875,22.955010224948875,22.955010224948875,22.955010224948875,22.955010224948875,22.955010224948875,22.955010224948875,22.955010224948875,22.955010224948875,22.955010224948875,22.955010224948875,22.955010224948875,22.955010224948875,22.955010224948875,22.955010224948875,22.955010224948875,22.955010224948875,22.955010224948875,22.955010224948875,22.955010224948875,22.955010224948875,22.955010224948875,22.955010224948875,22.955010224948875,22.955010224948875,22.955010224948875,22.955010224948875,22.955010224948875,22.955010224948875,22.955010224948875,22.423312883435585,22.423312883435585,22.423312883435585,22.423312883435585,22.423312883435585,22.423312883435585,22.423312883435585,22.423312883435585,22.423312883435585,22.423312883435585,22.423312883435585,22.423312883435585,22.423312883435585,22.423312883435585,22.423312883435585,22.423312883435585,22.423312883435585,22.423312883435585,22.423312883435585,22.423312883435585,22.423312883435585,22.423312883435585,22.423312883435585,22.423312883435585,22.423312883435585,22.423312883435585,22.423312883435585,22.423312883435585,22.423312883435585,22.423312883435585,22.423312883435585,22.423312883435585,22.423312883435585,22.423312883435585,20.91002044989775,20.91002044989775,20.91002044989775,20.91002044989775,20.91002044989775,20.91002044989775,20.91002044989775,20.91002044989775,20.91002044989775,20.91002044989775,20.91002044989775,20.91002044989775,20.91002044989775,20.91002044989775,20.91002044989775,20.91002044989775,20.91002044989775,20.91002044989775,20.91002044989775,20.91002044989775,20.91002044989775,20.91002044989775,20.91002044989775,20.91002044989775,20.91002044989775,20.91002044989775,20.91002044989775,20.91002044989775,20.91002044989775,20.91002044989775,20.91002044989775,20.91002044989775,20.91002044989775,20.91002044989775,20.91002044989775,20.91002044989775,20.91002044989775,20.91002044989775,20.91002044989775,20.91002044989775,20.91002044989775,20.91002044989775,20.91002044989775,20.91002044989775,20.91002044989775,20.91002044989775,20.91002044989775,20.91002044989775,20.91002044989775,20.91002044989775,20.91002044989775,20.91002044989775,20.91002044989775,20.91002044989775,20.91002044989775,20.91002044989775,20.91002044989775,20.91002044989775,20.91002044989775,20.91002044989775,20.91002044989775,20.91002044989775,20.91002044989775,20.91002044989775,20.91002044989775,20.91002044989775,20.91002044989775,20.91002044989775,20.91002044989775,20.91002044989775,20.91002044989775,20.91002044989775,20.91002044989775,20.91002044989775,20.91002044989775,20.91002044989775,20.91002044989775,20.91002044989775,20.91002044989775,20.91002044989775,20.91002044989775,20.91002044989775,20.91002044989775,20.91002044989775,20.91002044989775,20.91002044989775,20.91002044989775,20.91002044989775,20.91002044989775,20.91002044989775,20.91002044989775,20.91002044989775,20.91002044989775,20.91002044989775,20.91002044989775,20.91002044989775,20.91002044989775,20.91002044989775)
random_4_mean20_t <- c(455,502,612,642,797,929,1025,1058,1081,1155,1196,1216,1253,1269,1347,1366,1464,1476,1501,1544,1548,1584,1624,1726,1804,1817,1892,1921,1924,1954,2044,2081,2085,2093,2096,2098,2192,2252,2300,2390,2396,2474,2525,2598,2614,2646,2661,2700,2709,2717,2764,2849,2853,2855,2879,2888,2951,2961,2990,3003,3041,3087,3092,3127,3130,3184,3214,3306,3311,3329,3415,3419,3492,3493,3508,3609,3650,3702,3705,3763,3763,3848,3904,3942,3989,3993,4057,4163,4164,4271,4313,4394,4431,4435,4444,4479,4512,4545,4554,4576,4647,4671,4687,4692,4783,4809,4878,4880,4909,4910,4930,4989,5053,5133,5135,5176,5235,5240,5272,5347,5408,5441,5547,5621,5696,5768,5776,5817,5831,5878,5891,5949,5958,5966,5986,5991,6009,6066,6154,6160,6187,6187,6241,6304,6323,6381,6448,6452,6477,6552,6568,6631,6646,6667,6756,6773,6794,6890,6940,6968,6988,7068,7135,7186,7287,7287,7358,7431,7533,7602,7619,7627,7695,7799,7811,7858,7878,7898,7969,7973,7991,8062,8123,8141,8149,8249,8275,8300,8406,8492,8509,8520,8574,8605,8706,8742,8755,8760,8803,8834)
par(new = TRUE)
plot(xlab="Time (ms)",ylab="Fitness Score (%)",ylim=c(0,100),random_4_mean20_t, random_4_mean20,type="l",col=topo.colors(1)[1],lwd=2,main=NULL)
legend(2000,100,c("mean20"),col=c(topo.colors(1)[1]),lty=c(1),lwd=c(2))