random_4_mean20 <- c(48.0,46.0,44.0,44.0,44.0,44.0,44.0,44.0,44.0,42.3640081799591,42.3640081799591,42.3640081799591,42.3640081799591,42.3640081799591,42.3640081799591,42.3640081799591,42.3640081799591,42.3640081799591,42.3640081799591,42.3640081799591,42.3640081799591,42.3640081799591,42.3640081799591,42.3640081799591,42.0,42.0,42.0,42.0,40.06134969325153,40.06134969325153,40.06134969325153,40.06134969325153,40.0,40.0,40.0,40.0,40.0,40.0,40.0,40.0,40.0,40.0,40.0,40.0,40.0,40.0,40.0,40.0,40.0,40.0,40.0,40.0,40.0,40.0,40.0,40.0,40.0,40.0,40.0,40.0,40.0,40.0,40.0,40.0,40.0,40.0,40.0,40.0,40.0,40.0,40.0,40.0,40.0,40.0,40.0,40.0,40.0,38.3640081799591,38.3640081799591,38.3640081799591,38.3640081799591,38.3640081799591,38.3640081799591,38.3640081799591,38.3640081799591,38.3640081799591,38.3640081799591,38.3640081799591,38.3640081799591,38.3640081799591,38.3640081799591,38.3640081799591,38.3640081799591,38.3640081799591,38.3640081799591,38.3640081799591,36.60531697341513,36.60531697341513,36.60531697341513,36.60531697341513,36.60531697341513,36.60531697341513,36.60531697341513,36.60531697341513,36.60531697341513,36.60531697341513,36.60531697341513,36.60531697341513,36.60531697341513,36.60531697341513,36.60531697341513,36.60531697341513,36.60531697341513,36.60531697341513,36.60531697341513,36.60531697341513,36.60531697341513,36.60531697341513,36.60531697341513,36.60531697341513,36.60531697341513,36.60531697341513,36.60531697341513,36.60531697341513,36.60531697341513,36.60531697341513,36.60531697341513,36.60531697341513,36.60531697341513,36.60531697341513,36.60531697341513,36.60531697341513,36.60531697341513,36.60531697341513,36.60531697341513,36.60531697341513,36.60531697341513,36.60531697341513,36.60531697341513,36.60531697341513,36.60531697341513,36.60531697341513,36.60531697341513,36.60531697341513,36.60531697341513,36.60531697341513,36.60531697341513,36.60531697341513,36.60531697341513,36.60531697341513,36.60531697341513,36.60531697341513,36.60531697341513,36.60531697341513,36.60531697341513,36.60531697341513,36.60531697341513,36.60531697341513,36.60531697341513,36.60531697341513,36.60531697341513,36.60531697341513,36.60531697341513,36.60531697341513,36.60531697341513,36.60531697341513,36.60531697341513,36.60531697341513,36.60531697341513,36.60531697341513,36.60531697341513,36.60531697341513,36.60531697341513,36.60531697341513,36.60531697341513,36.60531697341513,36.60531697341513,36.60531697341513,36.60531697341513,36.60531697341513,36.60531697341513,36.60531697341513,36.60531697341513,36.60531697341513,36.60531697341513,36.60531697341513,36.60531697341513,36.60531697341513,36.60531697341513,36.60531697341513,36.60531697341513,36.60531697341513,36.60531697341513,36.60531697341513,36.60531697341513,36.60531697341513,36.60531697341513,36.60531697341513,36.60531697341513,36.60531697341513)
random_4_mean20_t <- c(420,640,753,854,860,889,1002,1016,1109,1137,1184,1235,1244,1353,1366,1391,1420,1517,1555,1563,1597,1616,1693,1797,1880,1923,2007,2047,2050,2114,2147,2148,2231,2257,2349,2375,2455,2536,2567,2626,2632,2641,2687,2706,2716,2775,2809,2819,2875,2878,2929,2962,2966,2970,2990,3038,3048,3122,3184,3188,3266,3267,3297,3325,3337,3352,3371,3437,3472,3483,3491,3491,3543,3619,3649,3697,3706,3738,3746,3768,3799,3828,3926,4023,4118,4143,4183,4261,4360,4449,4508,4548,4610,4611,4713,4719,4731,4808,4875,4876,4948,4961,4983,4992,5043,5050,5124,5227,5231,5321,5368,5425,5533,5624,5627,5655,5748,5750,5815,5830,5876,5936,5981,6059,6117,6190,6200,6211,6258,6359,6383,6435,6539,6616,6674,6698,6737,6758,6820,6831,6911,6967,6971,7071,7142,7142,7152,7161,7253,7271,7334,7393,7460,7549,7599,7674,7773,7842,7844,7867,7887,7952,7992,7992,8039,8102,8117,8166,8179,8185,8270,8276,8278,8372,8394,8422,8429,8439,8465,8517,8532,8599,8684,8746,8757,8795,8828,8864,8908,8930,8942,8997,9003,9027,9085,9101,9118,9128,9152,9162)
par(new = TRUE)
plot(xlab="Time (ms)",ylab="Fitness Score (%)",ylim=c(0,100),random_4_mean20_t, random_4_mean20,type="l",col=topo.colors(1)[1],lwd=2,main=NULL)
legend(2000,100,c("mean20"),col=c(topo.colors(1)[1]),lty=c(1),lwd=c(2))