composite__Consumption_Fitness_CompletenessFitness_SecurityFitness_OverloadFitness_SLAPerformanceFitness <- c(40.0,35.73913043478261,35.47826086956522,33.14492753623189,33.14492753623189,33.14492753623189,33.14492753623189,29.75845410628019,29.75845410628019,29.75845410628019,28.09178743961353,28.09178743961353,24.053140096618357,24.053140096618357,21.553140096618357,21.553140096618357,21.553140096618357,19.886473429951693,19.886473429951693,19.847826086956523,19.753623188405797,19.492753623188406,19.454106280193237,19.454106280193237,19.43719806763285,19.39855072463768,19.176328502415462,19.176328502415462,19.176328502415462,19.176328502415462,19.176328502415462,18.932367149758456,18.671497584541065,18.632850241545896,18.632850241545896,18.632850241545896,18.53864734299517,18.53864734299517,18.42753623188406,18.42753623188406,18.42753623188406,18.38888888888889,18.38888888888889,18.333333333333336,18.1280193236715,18.1280193236715,17.867149758454104,17.867149758454104,17.867149758454104,17.867149758454104,17.606280193236717,17.606280193236717,17.606280193236717,17.43961352657005,17.43961352657005,17.27294685990338,17.27294685990338,17.27294685990338,17.17874396135266,17.012077294685987,17.012077294685987,17.012077294685987,17.012077294685987,17.012077294685987,16.7512077294686,16.7512077294686,16.717391304347824,16.717391304347824,16.456521739130434,16.456521739130434,16.456521739130434,16.396135265700487,16.357487922705314,16.135265700483092,16.135265700483092,16.135265700483092,16.09661835748792,15.80193236714976,15.80193236714976,15.76328502415459,15.541062801932366,15.446859903381645,15.446859903381645,15.374396135265702,15.374396135265702,15.374396135265702,15.374396135265702,15.335748792270532,15.335748792270532,15.18599033816425,15.18599033816425,15.147342995169083,14.963768115942031,14.963768115942031,14.963768115942031,14.963768115942031,14.963768115942031,14.81400966183575,14.81400966183575,14.81400966183575,14.81400966183575,14.719806763285025,14.719806763285025,14.647342995169083,14.647342995169083,14.647342995169083,14.647342995169083,14.647342995169083,14.647342995169083,14.647342995169083,14.647342995169083,14.647342995169083,14.647342995169083,14.647342995169083,14.608695652173916,14.608695652173916,14.608695652173916,14.608695652173916,14.608695652173916,14.570048309178745,14.531400966183577,14.270531400966183,14.270531400966183,14.270531400966183,14.270531400966183,14.270531400966183,14.270531400966183,13.937198067632853,13.770531400966183,13.770531400966183,13.676328502415462,13.676328502415462,13.676328502415462,13.437198067632853,13.437198067632853,13.176328502415462,13.176328502415462,13.176328502415462,13.176328502415462,13.10386473429952,13.10386473429952,13.10386473429952,13.10386473429952,13.10386473429952,12.992753623188406,12.992753623188406,12.992753623188406,12.881642512077297,12.881642512077297,12.731884057971016,12.731884057971016,12.714975845410631,12.603864734299519,12.342995169082126,12.342995169082126,12.342995169082126,12.342995169082126,12.342995169082126,12.231884057971016,12.193236714975848,12.120772946859905,12.120772946859905,11.859903381642514,11.859903381642514,11.859903381642514,11.859903381642514,11.859903381642514,11.859903381642514,11.787439613526573,11.787439613526573,11.787439613526573,11.765700483091788,11.748792270531403,11.748792270531403,11.620772946859903,11.620772946859903,11.620772946859903,11.620772946859903,11.620772946859903,11.620772946859903,11.582125603864736,11.487922705314011,11.487922705314011,11.487922705314011,11.487922705314011,11.487922705314011,11.487922705314011,11.342995169082126,11.342995169082126,11.342995169082126,11.231884057971016,11.231884057971016,11.231884057971016,10.971014492753627,10.971014492753627,10.971014492753627,10.971014492753627,10.971014492753627,10.748792270531403,10.748792270531403,10.748792270531403,10.748792270531403,10.748792270531403,10.710144927536236,10.710144927536236,10.710144927536236,10.543478260869566,10.543478260869566,10.543478260869566,10.3768115942029,10.3768115942029,10.3768115942029,10.3768115942029,10.3768115942029,10.3768115942029,10.3768115942029,10.3768115942029,10.3768115942029,10.3768115942029,10.3768115942029,10.3768115942029,10.3768115942029,10.3768115942029,10.26570048309179,10.26570048309179,10.26570048309179,10.26570048309179,10.26570048309179,10.26570048309179,10.15458937198068,10.060386473429954,10.060386473429954,10.060386473429954,10.060386473429954,10.060386473429954,10.060386473429954,10.060386473429954,10.060386473429954,9.966183574879226,9.966183574879226,9.966183574879226,9.966183574879226,9.966183574879226,9.966183574879226,9.966183574879226,9.893719806763283,9.893719806763283,9.893719806763283,9.893719806763283,9.72705314009662,9.72705314009662,9.72705314009662,9.72705314009662,9.72705314009662,9.72705314009662,9.688405797101451,9.688405797101451,9.688405797101451,9.57729468599034,9.57729468599034,9.466183574879228,9.466183574879228,9.466183574879228,9.466183574879228,9.466183574879228,9.466183574879228,9.466183574879228,9.427536231884059,9.427536231884059,9.427536231884059,9.427536231884059,9.371980676328505,9.371980676328505,9.371980676328505,9.355072463768117,9.355072463768117,9.260869565217394,9.260869565217394,9.260869565217394,9.260869565217394,9.260869565217394,9.149758454106282,9.111111111111112,9.111111111111112,9.111111111111112,9.111111111111112,9.111111111111112,9.111111111111112,9.111111111111112,9.111111111111112,9.111111111111112,9.111111111111112,9.111111111111112,9.111111111111112,9.111111111111112,9.111111111111112,9.111111111111112,9.111111111111112,9.111111111111112,9.111111111111112,9.111111111111112,9.111111111111112,9.111111111111112,9.111111111111112,9.111111111111112,9.111111111111112,9.111111111111112,9.111111111111112,9.111111111111112,9.111111111111112,9.111111111111112,9.111111111111112,9.111111111111112,9.111111111111112,9.111111111111112,9.111111111111112,9.111111111111112,9.111111111111112,9.111111111111112,9.111111111111112,9.111111111111112,9.111111111111112,9.111111111111112,8.944444444444445,8.944444444444445,8.944444444444445,8.944444444444445,8.944444444444445,8.944444444444445,8.944444444444445,8.777777777777779,8.777777777777779,8.777777777777779,8.777777777777779,8.777777777777779,8.666666666666668,8.666666666666668,8.666666666666668,8.666666666666668,8.666666666666668,8.666666666666668,8.666666666666668,8.666666666666668,8.666666666666668,8.666666666666668,8.666666666666668,8.666666666666668,8.666666666666668,8.666666666666668,8.666666666666668,8.666666666666668,8.666666666666668,8.666666666666668,8.666666666666668,8.666666666666668,8.666666666666668,8.666666666666668,8.500000000000002,8.500000000000002,8.500000000000002,8.500000000000002,8.500000000000002,8.500000000000002,8.500000000000002,8.500000000000002,8.500000000000002,8.500000000000002,8.333333333333332,8.333333333333332,8.333333333333332,8.333333333333332,8.333333333333332,8.333333333333332,8.333333333333332,8.333333333333332,8.333333333333332,8.333333333333332,8.333333333333332,8.333333333333332,8.333333333333332,8.333333333333332,8.333333333333332,8.333333333333332,8.333333333333332,8.333333333333332,8.333333333333332,8.222222222222221,8.222222222222221,8.222222222222221,8.222222222222221,8.222222222222221,8.222222222222221,8.222222222222221,8.222222222222221,8.11111111111111,8.11111111111111,8.11111111111111,8.11111111111111,8.11111111111111,8.11111111111111,8.11111111111111,8.11111111111111,8.11111111111111,8.11111111111111,8.11111111111111,8.11111111111111,8.11111111111111,8.11111111111111,8.11111111111111,8.11111111111111,8.11111111111111,8.11111111111111,8.11111111111111,8.11111111111111,8.11111111111111,8.11111111111111,8.11111111111111,8.11111111111111,8.11111111111111,8.11111111111111,7.999999999999998,7.999999999999998,7.999999999999998,7.999999999999998,7.999999999999998,7.999999999999998,7.999999999999998,7.999999999999998,7.999999999999998,7.999999999999998,7.999999999999998,7.999999999999998,