random_12_mean60 <- c(32.9296066252588,24.948240165631468,24.948240165631468,24.948240165631468,24.948240165631468,21.0024154589372,21.0024154589372,21.0024154589372,21.0024154589372,20.833333333333332,20.833333333333332,20.833333333333332,20.833333333333332,20.833333333333332,20.833333333333332,20.833333333333332,20.833333333333332,20.833333333333332,20.833333333333332,20.833333333333332,20.833333333333332,20.833333333333332,20.833333333333332,20.833333333333332,20.833333333333332,20.833333333333332,20.833333333333332,20.833333333333332,20.833333333333332,20.833333333333332,20.833333333333332,20.833333333333332,20.833333333333332,20.833333333333332,20.833333333333332,20.833333333333332,20.833333333333332,20.833333333333332,20.833333333333332,20.833333333333332,20.833333333333332,20.833333333333332,20.833333333333332,20.833333333333332,20.833333333333332,20.833333333333332,20.833333333333332,20.833333333333332,20.833333333333332,20.833333333333332,20.833333333333332,20.833333333333332,20.833333333333332,20.833333333333332,20.833333333333332,20.833333333333332,20.833333333333332,20.403726708074537,20.403726708074537,20.403726708074537,20.403726708074537,20.403726708074537,20.403726708074537,20.403726708074537,20.403726708074537,20.403726708074537,20.403726708074537,20.403726708074537,15.976535541752934,15.976535541752934,15.976535541752934,15.976535541752934,15.976535541752934,15.976535541752934,15.976535541752934,15.976535541752934,15.976535541752934,15.976535541752934,15.976535541752934,15.976535541752934,15.976535541752934,15.976535541752934,15.976535541752934,15.976535541752934,15.976535541752934,15.976535541752934,15.976535541752934,15.976535541752934,15.976535541752934,15.976535541752934,15.976535541752934,15.976535541752934,15.976535541752934,15.976535541752934,15.976535541752934,15.976535541752934,15.976535541752934,15.976535541752934,15.976535541752934,15.976535541752934,15.976535541752934,15.976535541752934,15.976535541752934,15.976535541752934,15.976535541752934,15.976535541752934,15.976535541752934,15.976535541752934,15.976535541752934,15.976535541752934,15.976535541752934,15.976535541752934,15.976535541752934,15.976535541752934,15.976535541752934,15.976535541752934,15.976535541752934,15.976535541752934,15.976535541752934,15.976535541752934,15.976535541752934,15.976535541752934,15.976535541752934,15.976535541752934,15.976535541752934,15.976535541752934,15.976535541752934,15.976535541752934,15.976535541752934,15.976535541752934,15.976535541752934,15.976535541752934,15.976535541752934,15.976535541752934,15.976535541752934,15.976535541752934,15.976535541752934,15.976535541752934,15.976535541752934,15.976535541752934,15.976535541752934,15.976535541752934,15.976535541752934,15.976535541752934,15.976535541752934,15.976535541752934,15.976535541752934,15.976535541752934,15.976535541752934,15.976535541752934,15.976535541752934,15.976535541752934,15.976535541752934,15.976535541752934,15.976535541752934,15.976535541752934,15.976535541752934,15.976535541752934,15.976535541752934,15.976535541752934,15.976535541752934,15.976535541752934,15.976535541752934,15.976535541752934,15.976535541752934,15.976535541752934,15.976535541752934,15.976535541752934,15.976535541752934,15.976535541752934,15.976535541752934,15.976535541752934,15.976535541752934,15.976535541752934,15.976535541752934,15.976535541752934,15.976535541752934,15.976535541752934,15.976535541752934,15.976535541752934,15.976535541752934,13.0728088336784,13.0728088336784,13.0728088336784,13.0728088336784,13.0728088336784,13.0728088336784,13.0728088336784,13.0728088336784,13.0728088336784,13.0728088336784,13.0728088336784,13.0728088336784,13.0728088336784,13.0728088336784,13.0728088336784,13.0728088336784,13.0728088336784,13.0728088336784,13.0728088336784)
random_12_mean60_t <- c(510,781,1259,1541,1857,1861,1930,2404,2643,2654,3447,3553,3662,3788,4482,5197,5384,5929,6725,7176,7630,7925,7965,8729,8734,8848,8981,9404,9697,9707,9960,9997,10030,10891,11778,11851,12092,12563,12846,13014,13015,13817,14203,14920,14994,15017,15453,15528,16331,16988,17165,17343,17852,18317,18357,18399,19011,19028,19303,19401,20218,20635,20637,21330,22218,22647,23404,23435,23468,23610,23786,23914,24071,24830,24854,24856,25066,25188,25317,25768,26165,26428,26682,26808,26974,27443,27494,27876,27963,28810,29127,29569,30053,30753,30873,31328,31355,31849,32388,32593,32891,32985,33766,34294,34937,35092,35638,35676,36437,36519,36717,37284,37330,37712,38062,38137,38206,39031,39543,39599,39608,39676,39830,39833,40041,40108,40582,41045,41593,42191,42976,43575,44222,44757,45027,45115,45123,45305,46123,46154,46223,46274,46855,47083,47173,47386,47698,48078,48156,48967,49643,50159,50321,50407,50635,50642,51186,51482,51932,52450,52825,52925,53075,53106,53682,54107,54159,54675,55012,55366,56059,56272,56905,57688,57939,57963,58152,58444,58661,59031,59726,59736,60321,61186,61511,61560,61966,62302,62693,62805,63018,63045,63064,63503,63723,63729,63804,64050,64706,64984)
par(new = TRUE)
plot(xlab="Time (ms)",ylab="Fitness Score (%)",ylim=c(0,100),random_12_mean60_t, random_12_mean60,type="l",col=topo.colors(1)[1],lwd=2,main=NULL)
legend(2000,100,c("mean60"),col=c(topo.colors(1)[1]),lty=c(1),lwd=c(2))